20.071331204
-9.03645161093
-3.34792225344
-2.07804663159
-1.01267975406
0.00590427714204
-0.0604129004515
0.604752366725
-0.287890013571
3.04681254148
1.57644559278
-0.929000263776
-1.26013953998
-1.15116144404
-2.7211570552
-2.52992113253
-1.58385281162
0.498283687532
-1.82384824987
-0.0857891023021
-0.817676823355
-3.86648298073
0.00315808130999
-0.807435057214
0.404226358259
-0.15729792198
-2.29496389597
0.84776850561
-0.624741476932
2.77447941744
-1.98789264635
0.350425896152
2.53721605386
2.33535919594
-0.935367929034
-0.724017036731
2.52116123396
0.240301206115
2.54406250586
2.69372557628
-2.31029672764
-1.69117937478
2.52560944125
1.83194613216
-2.32202697069
-1.05826864822
2.83256142096
0.405425994327
0.46789036448
-0.671901399786
-2.99735815862
-0.590403003951
-1.53809783073
-1.24137287806
2.18787173545
0.538428625895
1.11236457653
-3.35965398805
-0.769363100463
0.665120850287
0.866956704014
-1.17856962815
-0.691579338672
2.16826255531
1.50134928991
-2.15108619061
0.0923554800094
0.885829451701
-0.921649098186
3.62616238033
1.08333665803
-0.122740594761
-0.246267715817
0.588505718549
-2.79501940122
0.454330346383
-0.509834145524
-0.348892784899
-0.187268169882
-2.01786373975
0.522757155345
-1.26151509444
1.81831567062
-1.1435217595
-2.22987733034
0.00036915761971
-3.22537824897
1.23858482911
-2.16399010487
-0.175716214126
0.473167730788
1.25055752907
1.64165568307
2.08243054044
-1.05003370365
-0.752113091659
1.65623999607
-0.230243415645
-3.04384812283
-1.98911043943
1.7918562694
1.93223405611
22.4798009792
-1.55882659799
-7.83410394411
-0.332158316927
-2.79147990701
0.935495861942
-1.01906615457
1.34515756619
-0.936994774117
2.52919601163
2.23011293866
-0.146095972862
-1.61685927038
-0.722174232473
-2.5560016505
-2.48401096423
-2.29106165754
0.390833036067
-1.19754741388
-0.987693435696
0.225310786704
-3.67449283687
-1.26165324828
0.0101593001931
-0.672907962934
1.09610501748
-2.79326219197
0.613208892342
-0.730873910248
2.23496856413
-0.343522411855
-1.33738193864
2.62744529666
2.31692486903
0.501437453233
-1.9099448322
2.37934336375
0.71055298046
1.52392513955
3.42364466519
-0.866942900135
-2.80464278446
1.63406365663
2.57943200942
-1.11560080121
-2.4109687826
2.41320673875
1.21701884061
0.173863699198
0.121840167547
-2.72476685714
-1.50176398054
-0.61816561462
-2.30172212235
1.90980561087
0.767798581192
1.38042131597
-2.17025599531
-2.21684112611
0.819250816479
0.685743661073
-0.221620364757
-1.60798143866
1.7069386057
2.02950269035
-1.07612554755
-1.45133754216
1.83708935428
-1.49388739656
2.81045990163
2.10710011017
0.0613208414269
-0.505384809282
0.851382092561
-2.07996783162
-0.88684891924
0.525852611089
-1.17445327079
0.614273755665
-2.25542022167
0.189883578865
-0.898864569279
0.722841267208
0.691982002276
-3.22323493537
0.442385529477
-3.08505934527
0.170555994389
-0.763203513168
-1.57891755382
0.987751314973
0.484679642268
1.9854915308
1.70928613705
0.566614858646
-2.12538811767
2.00834960519
-0.125129223272
-1.43001543054
-4.16668549185
2.79478987424
-1.4038663927
18.8593621169
8.73803010015
-11.1385367642
0.0636764010836
-3.52226062809
0.892997396419
-1.15533086698
1.24239528124
-0.674098317265
1.40986929497
2.79920451675
0.641162973093
-1.6057639588
-0.734616537395
-2.04983949331
-2.57773757311
-2.58073376208
-0.309597989715
-0.304165988428
-1.72053386968
0.564883411732
-2.66081197103
-2.71424889225
0.535533450991
-1.25030555135
1.41493869917
-2.14037851097
-0.50800457963
-0.0480958069366
0.888898471445
1.53590786213
-2.44024667676
2.14682985382
2.29015253631
1.6872241037
-2.14730409265
1.35095140287
1.59346768204
0.631380892446
3.44504368247
0.817663339669
-3.17809557267
0.298283130376
2.88733837386
0.267701875441
-2.96932512837
1.1758316535
2.16356378202
0.00283079686875
0.536804295545
-1.96496689779
-2.42576309577
-0.141389289572
-2.47974573219
0.789466680955
1.45470649516
1.01582451056
-0.522020746572
-3.34350397462
0.571304799773
0.523907626124
0.560778605043
-1.89560887033
0.834653324285
2.25745781303
0.198078026775
-2.40387680569
1.74270027139
-0.893691546524
1.19878584672
3.15639608775
0.295970883725
-0.427597046845
0.490608858521
-0.810695920843
-2.2147300297
1.10953048842
-1.40225577692
0.647755569011
-1.66030933518
-0.74721813871
-0.119798656292
-0.511615060148
1.9120081776
-3.06407830207
-0.29379075896
-1.86858423731
-1.56880038087
0.709236266242
-2.55034468389
1.02576357508
0.0949655498797
2.00446097452
1.42214884269
1.76320575681
-2.44333504215
1.33245534117
0.459134172774
-0.457806291906
-4.66247398144
1.62193011445
-1.07689761563
11.4510401134
17.9300429421
-10.4411568766
-2.08832529295
-2.64399533957
-0.398560977903
-0.366002432039
0.325975127892
0.258541351552
0.0899070100884
3.0714152122
1.3520563886
-1.15476924351
-1.10677773678
-1.36460649327
-2.70873524274
-2.56139440764
-1.27587762877
0.385003442753
-1.90851688222
0.168283997462
-1.26800532864
-3.71664259228
0.281868375503
-1.0287395358
0.758172736293
-0.68446224713
-1.91430089607
0.716173695019
-0.367555134814
2.67280153803
-2.32297954671
0.897403555544
2.45877679666
2.27023368418
-1.36140917364
-0.204112518946
2.3791680014
0.22753981891
2.84370292978
2.30471294246
-2.66329073686
-1.21555627483
2.70442453922
1.49420957706
-2.61391104042
-0.501879998792
2.77857977879
0.223774224785
0.538500629965
-0.990385624727
-2.95248243557
-0.370129642099
-1.85011523031
-0.751716553022
2.09246250033
0.593489894459
0.829034160784
-3.54423462697
-0.335699548103
0.598158204013
0.869335488672
-1.45164470091
-0.309295029033
2.23848540191
1.24071009831
-2.37150341632
0.609159422719
0.430173193413
-0.490217926402
3.66403313053
0.817523431129
-0.197168626738
-0.0844014763099
0.333990089685
-2.82117682192
0.77401396676
-0.831984702654
-0.0390310176146
-0.559726295504
-1.7681522479
0.463336176521
-1.21141495085
2.02458788585
-1.74539370126
-1.74247402875
-0.383452819694
-2.98109648534
1.32231575168
-2.45568035075
0.243019933332
0.304316220352
1.50291550121
1.53146849095
2.12745628067
-1.54245752243
-0.186388575629
1.38049747728
-0.227192759894
-3.59080326741
-1.04263166196
1.09159842514
3.90122914978
22.384292246
-4.52505830136
-6.31784542572
-0.853069873381
-2.25902664699
0.69516277196
-0.763772010537
1.17345200068
-0.816815789889
2.77753211372
2.01592928863
-0.415959394968
-1.52777212026
-0.82071405214
-2.64967393808
-2.48515786984
-2.09954419081
0.501729249714
-1.45730225169
-0.682179334453
-0.0557460969264
-3.84363209354
-0.787454326684
-0.262615925209
-0.339842337849
0.76084611039
-2.75215866714
0.802734355513
-0.805287145218
2.54139614046
-0.968069913139
-0.798048599095
2.6398401884
2.34281975793
0.0216800612322
-1.60064278587
2.52905738975
0.488960222586
1.86976465119
3.258065996
-1.39718323656
-2.50079965658
1.98836808968
2.37678548349
-1.55732051386
-2.03183772809
2.6523590987
0.911678039117
0.274109627168
-0.107473870869
-2.87997213145
-1.17305361941
-0.89926722012
-2.03508436516
2.10320764829
0.62550495709
1.38275747913
-2.65360907888
-1.73435496716
0.791876910701
0.761443814019
-0.544194521507
-1.35711109692
1.90617092445
1.89214852192
-1.483374924
-0.96899949863
1.61661068949
-1.43656981209
3.19442657283
1.73893173093
0.00401514284064
-0.460467003293
0.846466525941
-2.41023869911
-0.401860143391
0.196689223082
-0.941330838921
0.419310723376
-2.27105710182
0.384286418767
-1.09294571535
1.14159834749
0.109666207787
-2.99909676058
0.428458967828
-3.27601857509
0.643971231013
-1.28752162301
-1.11738280193
0.839654727363
0.720973921942
1.88671060814
1.8506450823
0.0379808837461
-1.75526835596
1.99276135622
-0.200869220037
-1.92591919166
-3.59838667107
2.69076793213
-0.740765485147
20.6446337726
5.21948010218
-10.359636877
0.182274872122
-3.45304041254
1.05180329458
-1.22438075238
1.38317320822
-0.860083437085
1.83228164967
2.62895791666
0.3864079593
-1.66021977038
-0.680416872142
-2.25134959358
-2.53307307478
-2.52873690039
-0.0263173140967
-0.602856697443
-1.52271377358
0.539008791183
-3.0674951309
-2.25018131354
0.430494788136
-1.14326532211
1.42890895526
-2.47797052826
-0.0624392041288
-0.326612838704
1.37444013741
0.947804165939
-2.18635450002
2.39206167552
2.28010695554
1.35054588496
-2.18969418676
1.77939580507
1.28132292985
0.890215602182
3.51499924882
0.257471944189
-3.15076317308
0.780229344301
2.83650748059
-0.189607542558
-2.88648819751
1.66249705575
1.86052178474
0.0269877417739
0.44647504744
-2.25736613012
-2.14480264005
-0.226683517485
-2.52428078732
1.23928241437
1.20051913815
1.17529366437
-1.07469376628
-3.04690549644
0.721539130325
0.556450978974
0.344601350998
-1.88376342743
1.16779673427
2.20911727991
-0.217342773006
-2.18718342474
1.90419164385
-1.20892843959
1.78696647353
2.837547033
0.197809265541
-0.482142799374
0.658307213703
-1.2538384117
-1.82243168335
1.00349095404
-1.41627148672
0.73010112317
-1.9401881919
-0.394451127507
-0.388630901411
-0.131483013496
1.61569029361
-3.26054129172
0.0672694508362
-2.35253801646
-0.974163986983
0.273129908068
-2.32335911214
1.09784475438
0.159703050074
2.05494737486
1.47999905899
1.44903015585
-2.4807104755
1.67599287051
0.206125989511
-0.687327596972
-4.70094116524
2.2418073852
-1.50874893302
14.1233901714
15.2430107233
-11.2428315408
-1.07578780571
-3.0995484144
0.147151994228
-0.704667392418
0.69156219796
-0.0895750016194
0.515005244799
3.03153990513
1.12273792754
-1.34794801303
-0.959064979929
-1.5942678973
-2.67449077116
-2.58722056859
-0.950625419442
0.205485414748
-1.91925197361
0.370344699513
-1.7394885825
-3.46602684987
0.465882401854
-1.18630930399
1.06132149807
-1.21325680666
-1.46767827916
0.504880822453
-0.0136825353683
2.42338099072
-2.51430270585
1.39086879213
2.38414712646
2.14583144898
-1.71909354077
0.333702362493
2.16414196249
0.291403870772
3.10092491532
1.8549098526
-2.93085243785
-0.714572716836
2.82332554242
1.11732080739
-2.82638158979
0.0714764697804
2.63971904394
0.096486815185
0.578336882394
-1.31965520539
-2.83883648811
-0.216036978638
-2.12548144736
-0.232121186679
1.92440708188
0.702881184513
0.452270357481
-3.60244314921
0.0395926950943
0.54695469437
0.823049965652
-1.67127921531
0.083082410981
2.27421612644
0.934662663843
-2.49378064909
1.07473599686
-0.0416556517649
0.0271803189517
3.58908888419
0.599197884412
-0.276783520176
0.101980500949
0.00524519505816
-2.72919673818
0.995683865781
-1.10012476954
0.245629040236
-0.94639673499
-1.45833119152
0.326505564451
-1.06579798909
2.11587621354
-2.28536951078
-1.23279692453
-0.846054332576
-2.60647211536
1.25551557372
-2.62187630902
0.593100106579
0.174745856702
1.72168709319
1.45119949778
2.09806102444
-1.95662115837
0.37285353187
1.07019834117
-0.247182583739
-4.07163833813
-0.081499215747
0.319439669683
6.212036816
21.575094774
-7.04660524775
-4.78734548161
-1.45881163154
-1.64947849722
0.372823699357
-0.434516271044
0.918969025958
-0.596213930447
2.95019671107
1.7975808609
-0.679699015926
-1.40495606297
-0.966334404484
-2.70354859093
-2.50205681439
-1.86169785028
0.538123732169
-1.67035933423
-0.37531077637
-0.407953609167
-3.9091197041
-0.358862647096
-0.543835275068
0.0284218859171
0.334634902619
-2.58150027271
0.880309773827
-0.771901569574
2.72753517439
-1.52734466243
-0.224675801237
2.60359634931
2.35437271655
-0.465689653835
-1.1980856652
2.57467760301
0.329093702413
2.21475406736
3.0135319559
-1.88356819331
-2.12487355142
2.28654846393
2.12698215833
-1.96471888027
-1.57510695545
2.79214833293
0.637347742142
0.376090208723
-0.374563727587
-2.97247768904
-0.863400289904
-1.2132540458
-1.67623522006
2.19479030109
0.547917277008
1.29637459385
-3.05745213482
-1.24319536472
0.734894274335
0.826603390001
-0.869666089929
-1.04650724106
2.05892240893
1.71748909337
-1.84862821044
-0.444332385889
1.29137992745
-1.24284898055
3.46925933555
1.3932623555
-0.0559633803795
-0.373572966569
0.760108990497
-2.65437958694
0.0544813511171
-0.157895323796
-0.658229195175
0.146341582121
-2.18970074584
0.496905205525
-1.21889295848
1.5159532114
-0.513501103101
-2.65935643301
0.277615133177
-3.32500142268
1.00781064887
-1.76559220566
-0.638935630778
0.659749195778
0.98309168459
1.76604199393
1.98267762712
-0.511869405673
-1.28700792227
1.86881447488
-0.229553956775
-2.47524253409
-2.85884249964
2.3442295381
0.372765492129
21.8811303171
1.7357778002
-9.22069429443
0.033855203004
-3.20158826352
1.06204563394
-1.17744720182
1.41776129374
-0.950857767247
2.21057828052
2.43648111558
0.123020126474
-1.66303133125
-0.675187773863
-2.42220050327
-2.50041817687
-2.43371938536
0.211507573153
-0.906837645145
-1.27352978834
0.425422142592
-3.41117161014
-1.75763028114
0.248938261762
-0.946870719417
1.32216020897
-2.70024186221
0.319327908198
-0.563720977827
1.83509844578
0.308367583151
-1.81021326992
2.54939996704
2.29185558756
0.950698414498
-2.10961118035
2.12686022785
0.980377650671
1.1924219172
3.5089533646
-0.309672957657
-3.02435042877
1.22882432364
2.73324227294
-0.654934468623
-2.69889982924
2.0798611892
1.53890849878
0.0875558405842
0.307694778037
-2.51416423973
-1.83149395512
-0.388984019412
-2.46597897861
1.61830550098
0.964756496373
1.30456801961
-1.63413212846
-2.6632836199
0.80059537287
0.613389738062
0.0798459350945
-1.78647573998
1.46022504238
2.13392313084
-0.647664266737
-1.86459238926
1.93579371869
-1.414924449
2.33364428635
2.48023497851
0.122916699377
-0.510722140121
0.78411567827
-1.68594488431
-1.37042525407
0.802691653779
-1.33763830524
0.719567317802
-2.14288240959
-0.0751877081871
-0.656449542618
0.288869508498
1.20259498323
-3.31353803795
0.318857226555
-2.76877084878
-0.381117398821
-0.230075533675
-1.99101378586
1.08043864469
0.292703322786
2.04590931459
1.57986306933
1.04478791554
-2.37259243818
1.90366090457
0.0094586364333
-1.0124237116
-4.53757626778
2.64233474747
-1.64235927211
16.6408649108
12.1313185264
-11.45872809
-0.352881863475
-3.40130305403
0.586665593671
-0.976505062351
1.00562389146
-0.409619842494
0.963146368568
2.93710369125
0.886367252948
-1.50039843089
-0.830859826945
-1.82696880123
-2.62770267863
-2.59711108568
-0.623127878143
-0.0290745786668
-1.85535045422
0.506223532204
-2.21101648286
-3.12637893811
0.549980358757
-1.26360049614
1.28741258283
-1.70938815442
-0.987518723054
0.239931663252
0.414843834481
2.03745750748
-2.55305122086
1.81145695501
2.32548629576
1.95288536473
-1.98673722402
0.861059839985
1.89513521402
0.428393759875
3.30451865452
1.35498232093
-3.10423654454
-0.204729723421
2.88365577352
0.706244827624
-2.94771623318
0.638380347085
2.42930840287
0.0239012627769
0.579647736173
-1.64844255805
-2.66071689908
-0.137980214132
-2.34181838383
0.290591420513
1.70407599047
0.850531319972
-0.00468255467692
-3.53329090582
0.344008520909
0.520666268549
0.72105206442
-1.82281506979
0.469198831399
2.27956994845
0.585247749954
-2.50644404883
1.46050097662
-0.494350963848
0.601050002408
3.41396773784
0.427079494387
-0.35615610863
0.299151355003
-0.382987290838
-2.52316042499
1.10853931248
-1.29470869484
0.481270817114
-1.32157251434
-1.11003519199
0.125946808187
-0.828844715477
2.07990172436
-2.7331809691
-0.737919433083
-1.35359679307
-2.12522169601
1.04538772895
-2.65324071259
0.857159682797
0.101339744575
1.89210481874
1.41261690045
1.97939757163
-2.2641806964
0.889706665832
0.754271771908
-0.316493387775
-4.44215626798
0.828243658793
-0.435453837165
8.7685074344
20.071331204
